# Created by Octave 4.0.2, Mon Jan 23 22:04:24 2017 CET <whage@desktop.local>
# name: a
# type: matrix
# rows: 1
# columns: 5
 123 146 80 95 110


